[ns_drive]
west_scaling: 23623.049893243842
east_scaling: 23623.049893243842