[MolongloEphemeris]
latitude: -35.37075
longitude: 149.424702
elevation: 735.031
horizon: 30.0