[most_ephemeris]
latitude: -35.37075
longitude: 149.424702
elevation: 735.031
horizon: 30.0

[tcc_server]
ip: 127.0.0.1
port: 38012 
timeout: 2.0

[status_server]
ip: 127.0.0.1
port: 38013
timeout: 2.0

[ns_drive]
ip: 192.168.2.2
port: 5555
timeout: 5.0
node_name: NST_SWIN 
west_scaling: 23623.049893243842
east_scaling: 23623.049893243842
tilt_zero: 32768.0
minimum_counts: 40.0
slow_counts: 400.0
east_rate: 0.001454
west_rate: 0.001454
slow_factor: 0.5
tolerance: 0.0002

[md_drive]
ip: 192.168.2.2
port: 6666
timeout: 5.0
node_name: MDT_SWIN
west_scaling: 136450.0
east_scaling: 136450.0
tilt_zero: 8388608.0
minimum_counts: 0.0
slow_counts:	0.0
east_rate: 0.000727
west_rate: 0.000727
slow_factor: 0.5
tolerance: 0.0001

[presets]
wind_stow_ns: 0.0
wind_stow_ew: 0.0
maintenance_stow_ns: 45.0
maintenance_stow_ew: 0.0

[database]
engine: sqlite:///temporary_logging.db

[cli]
verbose: True