[ns_drive]
west_scaling: 23781.186244699948
east_scaling: 23979.429641815212
