[MolongloEphemeris]
latitude: -35.37075
longitude: 149.424702
elevation: 735.031
horizon: 30.0

[IPAddresses]
<<<<<<< HEAD
#anansi_ip: 172.17.227.103
#anansi_port: 38012 
anansi_ip: 127.0.0.1
anansi_port: 38012

#status_broadcast_ip: 172.17.227.103
#status_broadcast_port: 38013

status_ip: 127.0.0.1
status_port: 38011
=======
anansi_ip: 127.0.0.1
anansi_port: 38012 

status_ip: 127.0.0.1
status_port: 38013
>>>>>>> 631780a9a60a35591d449600cc831bc99a0ad4f0

ns_controller_ip: 172.17.228.122
ns_controller_port: 5555

md_controller_ip: 000.000.000.000
md_controller_port: 5555

[DriveParameters]
ns_node_name: NST_SWIN 
ns_west_scaling: 23623.049893243842
ns_east_scaling: 23623.049893243842
ns_tilt_zero: 32768.0

md_node_name: MDT_SWIN
md_west_scaling: 136450.0
md_east_scaling: 136450.0
md_tilt_zero: 8388608.0

[DrivePresets]
wind_stow_ns: 0.0
wind_stow_ew: 0.0

maintenance_stow_ns: 45.0
maintenance_stow_ew: 0.0
